Time,Setpoint,Measured,Control,P_Term,I_Term,D_Term,Anti_Windup
0,5,0,12,12,0.12,16,1
0.05,5,1.19564,5.42442,9.13046,0.12,-3.82605,0
0.1,5,1.60815,7.02183,8.14045,0.201404,-1.32002,0
0.15,5,2.1411,5.4259,6.86135,0.270018,-1.70546,0
0.2,5,2.47723,5.30961,6.05465,0.330564,-1.0756,0
0.25,5,2.76097,4.85002,5.37368,0.384301,-0.907956,0
0.3,5,2.97121,4.62929,4.86909,0.432992,-0.672791,0
0.35,5,3.13149,4.4494,4.48443,0.477836,-0.512871,0
0.4,5,3.26188,4.27377,4.17148,0.519551,-0.417266,0
0.45,5,3.35754,4.19478,3.94191,0.55897,-0.306099,0
0.5,5,3.446,4.04277,3.72959,0.596266,-0.28309,0
0.55,5,3.50376,4.03835,3.59098,0.632176,-0.184809,0
0.6,5,3.55986,3.94355,3.45634,0.666739,-0.179528,0
0.65,5,3.59774,3.94463,3.36544,0.700394,-0.121203,0
0.7,5,3.63153,3.90941,3.28432,0.733237,-0.108151,0
0.75,5,3.6585,3.89875,3.2196,0.765433,-0.086291,0
0.8,5,3.68754,3.85388,3.14989,0.796932,-0.0929486,0
0.85,5,3.70333,3.88954,3.112,0.828052,-0.0505197,0
0.9,5,3.72144,3.86935,3.06855,0.858737,-0.057938,0
0.95,5,3.73065,3.90615,3.04643,0.889202,-0.0294881,0
1,5,3.7509,3.85223,2.99784,0.91918,-0.0647931,0
1.05,5,3.75985,3.89669,2.97637,0.948944,-0.0286242,0
1.1,5,3.77148,3.88965,2.94845,0.978428,-0.0372254,0
1.15,5,3.786,3.87472,2.91361,1.00756,-0.0464569,0
1.2,5,3.78844,3.93656,2.90774,1.03664,-0.00782178,0
1.25,5,3.79902,3.91394,2.88234,1.06547,-0.0338669,0
1.3,5,3.81592,3.8816,2.84179,1.09388,-0.0540745,0
1.35,5,3.81672,3.9596,2.83987,1.12228,-0.00255604,0
1.4,5,3.83209,3.90412,2.80299,1.15031,-0.0491761,0
1.45,5,3.83098,3.98754,2.80564,1.17837,0.0035325,0
1.5,5,3.84378,3.94008,2.77492,1.20612,-0.040957,0
1.55,5,3.85486,3.94649,2.74834,1.2336,-0.0354437,0
1.6,5,3.86474,3.95386,2.72463,1.26085,-0.0316141,0
1.65,5,3.87554,3.95199,2.69871,1.28783,-0.0345564,0
1.7,5,3.88596,3.95493,2.6737,1.31457,-0.033341,0
1.75,5,3.89645,3.95598,2.64851,1.34106,-0.0335866,0
1.8,5,3.90711,3.95609,2.62292,1.36729,-0.0341177,0
1.85,5,3.91253,3.98598,2.60993,1.39338,-0.0173285,0
1.9,5,3.92842,3.94007,2.5718,1.4191,-0.0508329,0
1.95,5,3.92738,4.02243,2.57428,1.44485,0.00330192,0
2,5,3.93312,4.01259,2.5605,1.47045,-0.0183682,0
2.05,5,3.94584,3.98505,2.52999,1.49575,-0.0406878,0
2.1,5,3.948,4.03886,2.52479,1.521,-0.00692846,0
2.15,5,3.95251,4.04572,2.51399,1.54614,-0.0144052,0
2.2,5,3.96722,4.00252,2.47868,1.57093,-0.0470815,0
2.25,5,3.97198,4.0476,2.46724,1.5956,-0.0152447,0
2.3,5,3.97748,4.05656,2.45404,1.62014,-0.0176094,0
2.35,5,3.98697,4.04537,2.43127,1.64445,-0.0303546,0
2.4,5,3.99325,4.06474,2.41621,1.66861,-0.0200796,0
2.45,5,3.99774,4.08371,2.40542,1.69267,-0.0143835,0
2.5,5,4.00281,4.09361,2.39324,1.7166,-0.0162377,0
2.55,5,4.0066,4.11251,2.38417,1.74044,-0.0120998,0
2.6,5,4.01337,4.11036,2.36791,1.76412,-0.021677,0
2.65,5,4.01213,4.16267,2.37088,1.78783,0.00395771,0
2.7,5,4.02058,4.13492,2.35061,1.81134,-0.0270269,0
2.75,5,4.03488,4.10502,2.31629,1.8345,-0.0457667,0
2.8,5,4.03821,4.15523,2.3083,1.85758,-0.0106505,0
2.85,5,4.0453,4.14907,2.29127,1.88049,-0.0226967,0
2.9,5,4.05964,4.11406,2.25687,1.90306,-0.0458709,0
2.95,5,4.06695,4.1414,2.23933,1.92546,-0.0233868,0
3,5,4.07062,4.16652,2.23051,1.94776,-0.0117575,0
3.05,5,4.07602,4.1702,2.21755,1.96994,-0.0172866,0
3.1,5,4.07533,4.21356,2.21921,1.99213,0.0022174,0
3.15,5,4.0888,4.15775,2.18687,2.014,-0.0431191,0
3.2,5,4.09714,4.17584,2.16686,2.03567,-0.0266843,0
3.25,5,4.10819,4.16208,2.14035,2.05707,-0.0353438,0
3.3,5,4.11498,4.18065,2.12406,2.07831,-0.0217217,0
3.35,5,4.11614,4.21707,2.12127,2.09952,-0.00372131,0
3.4,5,4.12509,4.19167,2.09979,2.12052,-0.0286385,0
3.45,5,4.14027,4.15593,2.06336,2.14115,-0.0485794,0
3.5,5,4.13985,4.22747,2.06435,2.1618,0.00132492,0
3.55,5,4.1491,4.19477,2.04215,2.18222,-0.0295986,0
3.6,5,4.1627,4.16831,2.00951,2.20231,-0.0435192,0
3.65,5,4.15916,4.25188,2.01803,2.22249,0.0113556,0
3.7,5,4.17536,4.16957,1.97914,2.24229,-0.0518509,0
3.75,5,4.16995,4.27164,1.99212,2.26221,0.0173106,0
3.8,5,4.18792,4.17315,1.94898,2.2817,-0.0575223,0
3.85,5,4.18508,4.26614,1.9558,2.30125,0.00908902,0
3.9,5,4.19032,4.24714,1.94322,2.32069,-0.0167685,0
3.95,5,4.19891,4.23507,1.92262,2.33991,-0.0274648,0
4,5,4.20415,4.25225,1.91003,2.35901,-0.0167916,0
4.05,5,4.20294,4.295,1.91295,2.37814,0.00390114,0
4.1,5,4.20425,4.30283,1.9098,2.39724,-0.00421117,0
4.15,5,4.21326,4.27546,1.88817,2.41612,-0.0288336,0
4.2,5,4.22032,4.28349,1.87123,2.43484,-0.0225823,0
4.25,5,4.21973,4.32807,1.87264,2.45356,0.00186952,0
4.3,5,4.23392,4.26517,1.8386,2.47195,-0.0453773,0
4.35,5,4.23218,4.33869,1.84277,2.49038,0.00555189,0
4.4,5,4.23603,4.32994,1.83354,2.50871,-0.0123045,0
4.45,5,4.24702,4.29877,1.80716,2.52678,-0.0351727,0
4.5,5,4.24462,4.36552,1.81292,2.54491,0.00768369,0
4.55,5,4.2587,4.29677,1.77913,2.5627,-0.0450593,0
4.6,5,4.26321,4.33426,1.7683,2.58039,-0.0144303,0
4.65,5,4.27858,4.2799,1.7314,2.5977,-0.0492037,0
4.7,5,4.27289,4.3784,1.74505,2.61515,0.0182013,0
4.75,5,4.29513,4.25262,1.6917,2.63207,-0.0711435,0
4.8,5,4.29015,4.36865,1.70363,2.6491,0.0159146,0
4.85,5,4.30077,4.31004,1.67814,2.66588,-0.0339848,0
4.9,5,4.30473,4.33857,1.66865,2.68257,-0.0126519,0
4.95,5,4.31228,4.32542,1.65052,2.69908,-0.0241781,0
5,5,4.31187,4.36843,1.65151,2.71559,0.00132539,0
5.05,5,4.32534,4.30787,1.61919,2.73178,-0.0431001,0
5.1,5,4.32531,4.36734,1.61927,2.74798,0.000102508,0
5.15,5,4.32498,4.38527,1.62005,2.76418,0.00104344,0
5.2,5,4.33297,4.35549,1.60087,2.78019,-0.0255691,0
5.25,5,4.33095,4.40841,1.60571,2.79624,0.00645687,0
5.3,5,4.34213,4.35514,1.57888,2.81203,-0.0357754,0
5.35,5,4.33822,4.42869,1.58826,2.82791,0.0125078,0
5.4,5,4.34762,4.37921,1.56571,2.84357,-0.0300738,0
5.45,5,4.34526,4.43823,1.57138,2.85928,0.00756163,0
5.5,5,4.35322,4.40158,1.55226,2.87481,-0.0254882,0
5.55,5,4.36687,4.36585,1.51951,2.89,-0.0436687,0
5.6,5,4.37049,4.40434,1.51082,2.90511,-0.0115886,0
5.65,5,4.37409,4.41078,1.50218,2.92013,-0.011527,0
5.7,5,4.36902,4.46589,1.51436,2.93528,0.0162512,0
5.75,5,4.36931,4.46312,1.51365,2.95041,-0.000945362,0
5.8,5,4.38155,4.41038,1.48429,2.96526,-0.0391575,0
5.85,5,4.38964,4.4189,1.46487,2.9799,-0.0258827,0
5.9,5,4.389,4.46302,1.46641,2.99457,0.00204446,0
5.95,5,4.40217,4.40156,1.43479,3.00892,-0.0421509,0
6,5,4.40945,4.41714,1.41733,3.02309,-0.0232839,0
6.05,5,4.41503,4.42319,1.40393,3.03713,-0.0178675,0
6.1,5,4.41538,4.45314,1.4031,3.05116,-0.00111481,0
6.15,5,4.4211,4.43608,1.38935,3.06505,-0.0183251,0
6.2,5,4.42967,4.42012,1.36879,3.07874,-0.0274115,0
6.25,5,4.42632,4.48007,1.37684,3.09251,0.0107262,0
6.3,5,4.43267,4.4474,1.36159,3.10613,-0.0203238,0
6.35,5,4.43346,4.47689,1.3597,3.11972,-0.00252741,0
6.4,5,4.44017,4.45527,1.34359,3.13316,-0.0214758,0
6.45,5,4.44164,4.48191,1.34006,3.14656,-0.00470757,0
6.5,5,4.4511,4.44682,1.31736,3.15973,-0.0302703,0
6.55,5,4.44785,4.50855,1.32516,3.17298,0.0104059,0
6.6,5,4.45561,4.46776,1.30654,3.18605,-0.0248328,0
6.65,5,4.45,4.53721,1.32001,3.19925,0.0179568,0
6.7,5,4.4675,4.43402,1.278,3.21203,-0.0560119,0
6.75,5,4.46543,4.51447,1.28298,3.22486,0.0066381,0
6.8,5,4.47221,4.48254,1.26671,3.23753,-0.0216908,0
6.85,5,4.47342,4.51006,1.26379,3.25016,-0.00389053,0
6.9,5,4.47811,4.50024,1.25254,3.26269,-0.0149955,0
6.95,5,4.48037,4.51501,1.2471,3.27516,-0.00725465,0
7,5,4.48207,4.52517,1.24302,3.28759,-0.00544019,0
7.05,5,4.48984,4.49936,1.22438,3.29984,-0.0248548,0
7.1,5,4.48937,4.53911,1.22551,3.31209,0.00150693,0
7.15,5,4.49577,4.51387,1.21015,3.32419,-0.020478,0
7.2,5,4.494,4.55639,1.21439,3.33634,0.00565584,0
7.25,5,4.49947,4.53214,1.20128,3.34835,-0.0174857,0
7.3,5,4.50627,4.52336,1.18495,3.3602,-0.0217799,0
7.35,5,4.51132,4.52862,1.17284,3.37193,-0.0161461,0
7.4,5,4.51415,4.54054,1.16603,3.38359,-0.00907575,0
7.45,5,4.5141,4.56161,1.16617,3.39525,0.000187595,0
7.5,5,4.52427,4.51584,1.14174,3.40667,-0.0325711,0
7.55,5,4.5204,4.58162,1.15104,3.41818,0.0123996,0
7.6,5,4.53311,4.50924,1.12053,3.42938,-0.0406748,0
7.65,5,4.53171,4.56898,1.12389,3.44062,0.00447399,0
7.7,5,4.53202,4.57402,1.12315,3.45185,-0.00098447,0
7.75,5,4.53213,4.58562,1.12289,3.46308,-0.000347929,0
7.8,5,4.53094,4.60386,1.12573,3.47434,0.00379088,0
7.85,5,4.53694,4.57762,1.11135,3.48545,-0.0191788,0
7.9,5,4.54363,4.57026,1.09528,3.4964,-0.0214273,0
7.95,5,4.54403,4.60043,1.09434,3.50735,-0.00125411,0
8,5,4.54263,4.6205,1.0977,3.51832,0.00447762,0
8.05,5,4.55063,4.58197,1.07848,3.52911,-0.0256194,0
8.1,5,4.55113,4.61558,1.07729,3.53988,-0.00159435,0
8.15,5,4.55475,4.60757,1.06859,3.55057,-0.0115926,0
8.2,5,4.55587,4.62355,1.06591,3.56123,-0.00358147,0
8.25,5,4.55516,4.64178,1.06761,3.5719,0.00226876,0
8.3,5,4.5627,4.6078,1.04952,3.5824,-0.024116,0
8.35,5,4.56818,4.61161,1.03638,3.59276,-0.0175277,0
8.4,5,4.57474,4.60259,1.02062,3.60297,-0.0210013,0
8.45,5,4.58701,4.56477,0.991167,3.61288,-0.0392757,0
8.5,5,4.5821,4.64159,1.00296,3.62291,0.0157236,0
8.55,5,4.59124,4.58448,0.981019,3.63272,-0.0292555,0
8.6,5,4.58719,4.64633,0.990739,3.64263,0.0129606,0
8.65,5,4.60016,4.57032,0.959606,3.65222,-0.0415108,0
8.7,5,4.59349,4.65896,0.975623,3.66198,0.0213564,0
8.75,5,4.60219,4.59842,0.954737,3.67153,-0.0278486,0
8.8,5,4.59772,4.66096,0.965467,3.68118,0.0143072,0
8.85,5,4.59633,4.66412,0.968801,3.69087,0.00444531,0
8.9,5,4.60417,4.6253,0.950001,3.70037,-0.0250672,0
8.95,5,4.60036,4.68126,0.959127,3.70996,0.012168,0
9,5,4.61093,4.61925,0.933767,3.7193,-0.0338135,0
9.05,5,4.60953,4.67028,0.937126,3.72867,0.00447894,0
9.1,5,4.61645,4.63626,0.920522,3.73788,-0.0221383,0
9.15,5,4.62164,4.63839,0.908056,3.74696,-0.0166212,0
9.2,5,4.62524,4.64386,0.89942,3.75595,-0.0115147,0
9.25,5,4.62023,4.69254,0.911442,3.76506,0.0160293,0
9.3,5,4.62604,4.65298,0.897513,3.77404,-0.0185725,0
9.35,5,4.62478,4.68762,0.900539,3.78305,0.00403564,0
9.4,5,4.6212,4.71268,0.909112,3.79214,0.0114298,0
9.45,5,4.63212,4.64895,0.882915,3.80097,-0.0349296,0
9.5,5,4.62399,4.73842,0.902423,3.80999,0.0260114,0
9.55,5,4.63431,4.6634,0.877655,3.81877,-0.0330247,0
9.6,5,4.63502,4.7012,0.875949,3.82753,-0.00227373,0
9.65,5,4.64128,4.67703,0.860928,3.83614,-0.020029,0
9.7,5,4.63998,4.71301,0.86406,3.84478,0.00417651,0
9.75,5,4.65493,4.63336,0.828165,3.85306,-0.0478603,0
9.8,5,4.65569,4.68527,0.826356,3.86132,-0.00241164,0
9.85,5,4.65548,4.69707,0.82684,3.86959,0.000644771,0
9.9,5,4.66133,4.67179,0.812798,3.87772,-0.0187222,0
9.95,5,4.66479,4.67919,0.804497,3.88576,-0.0110678,0
10,5,4.65778,4.73776,0.821336,3.89398,0.0224513,0
10.05,5,4.66171,4.70139,0.811889,3.90209,-0.0125957,0
10.1,5,4.65986,4.73254,0.816341,3.91026,0.00593631,0
10.15,5,4.66915,4.68252,0.794046,3.9182,-0.029726,0
10.2,5,4.66825,4.72525,0.79621,3.92616,0.00288437,0
10.25,5,4.67994,4.66456,0.768143,3.93384,-0.0374225,0
10.3,5,4.67065,4.76189,0.79043,3.94175,0.0297159,0
10.35,5,4.67467,4.71749,0.780789,3.94955,-0.0128548,0
10.4,5,4.67832,4.71763,0.772033,3.95727,-0.0116741,0
10.45,5,4.68083,4.72293,0.766016,3.96493,-0.0080224,0
10.5,5,4.69459,4.66119,0.732979,3.97226,-0.0440497,0
10.55,5,4.69938,4.68566,0.721495,3.97948,-0.0153119,0
10.6,5,4.69289,4.74466,0.737059,3.98685,0.020752,0
10.65,5,4.6882,4.75769,0.748329,3.99433,0.0150259,0
10.7,5,4.68772,4.75282,0.749468,4.00183,0.00151938,0
10.75,5,4.69953,4.69241,0.721139,4.00904,-0.0377721,0
10.8,5,4.69653,4.75424,0.728331,4.01632,0.00958915,0
10.85,5,4.70649,4.6959,0.704418,4.02337,-0.0318838,0
10.9,5,4.70485,4.74404,0.708349,4.03045,0.0052418,0
10.95,5,4.7087,4.72428,0.699131,4.03744,-0.012291,0
11,5,4.71664,4.69887,0.680059,4.04424,-0.0254301,0
11.05,5,4.71823,4.72215,0.676237,4.051,-0.00509484,0
11.1,5,4.72506,4.6956,0.659851,4.0576,-0.0218491,0
11.15,5,4.72104,4.74667,0.669503,4.0643,0.0128705,0
11.2,5,4.73219,4.6778,0.642748,4.07073,-0.0356737,0
11.25,5,4.72674,4.75054,0.655823,4.07728,0.0174329,0
11.3,5,4.72883,4.7279,0.650804,4.08379,-0.00669125,0
11.35,5,4.73391,4.71254,0.638617,4.09018,-0.0162501,0
11.4,5,4.73185,4.74674,0.643551,4.09661,0.00657923,0
11.45,5,4.73758,4.71442,0.629819,4.10291,-0.0183096,0
11.5,5,4.74342,4.70616,0.615793,4.10907,-0.0187019,0
11.55,5,4.73879,4.75708,0.626915,4.11534,0.0148302,0
11.6,5,4.73491,4.77033,0.636222,4.1217,0.0124095,0
11.65,5,4.74336,4.71674,0.615931,4.12786,-0.0270556,0
11.7,5,4.75102,4.70689,0.597556,4.13384,-0.0245001,0
11.75,5,4.75093,4.73784,0.597758,4.13981,0.000269331,0
11.8,5,4.73979,4.80625,0.624514,4.14606,0.0356756,0
11.85,5,4.74902,4.7249,0.602357,4.15208,-0.0295429,0
11.9,5,4.74874,4.76202,0.603021,4.15811,0.000885016,0
11.95,5,4.75585,4.72716,0.585952,4.16397,-0.0227592,0
12,5,4.7533,4.77017,0.59209,4.16989,0.0081851,0
12.05,5,4.754,4.76392,0.590392,4.1758,-0.00226419,0
12.1,5,4.75635,4.75891,0.584768,4.18164,-0.00749863,0
12.15,5,4.75207,4.79629,0.595022,4.18759,0.0136716,0
12.2,5,4.75898,4.74975,0.578459,4.19338,-0.0220835,0
12.25,5,4.75905,4.77719,0.578273,4.19916,-0.000248143,0
12.3,5,4.75321,4.81608,0.592295,4.20508,0.0186962,0
12.35,5,4.76376,4.744,0.566987,4.21075,-0.0337444,0
12.4,5,4.76179,4.79447,0.571707,4.21647,0.00629264,0
12.45,5,4.77054,4.7447,0.550715,4.22198,-0.0279889,0
12.5,5,4.76601,4.80366,0.561581,4.22759,0.0144882,0
12.55,5,4.76623,4.79356,0.561055,4.23321,-0.000701997,0
12.6,5,4.75837,4.84404,0.579905,4.239,0.0251336,0
12.65,5,4.76453,4.79008,0.565126,4.24466,-0.0197051,0
12.7,5,4.76845,4.79339,0.555719,4.25021,-0.0125428,0
12.75,5,4.76885,4.80922,0.554749,4.25576,-0.00129353,0
12.8,5,4.76692,4.82696,0.559401,4.26135,0.00620309,0
12.85,5,4.76687,4.82663,0.559521,4.26695,0.00015964,0
12.9,5,4.77008,4.81399,0.551808,4.27247,-0.0102835,0
12.95,5,4.77667,4.79276,0.536002,4.27783,-0.0210743,0
13,5,4.78808,4.75501,0.508613,4.28291,-0.0365187,0
13.05,5,4.78365,4.82149,0.519231,4.28811,0.0141566,0
13.1,5,4.78096,4.8277,0.525705,4.29336,0.00863267,0
13.15,5,4.77756,4.84343,0.533857,4.2987,0.0108686,0
13.2,5,4.79238,4.75454,0.498287,4.30368,-0.0474267,0
13.25,5,4.78888,4.82663,0.506684,4.30875,0.0111959,0
13.3,5,4.78808,4.82499,0.508598,4.31384,0.00255179,0
13.35,5,4.7861,4.83867,0.513354,4.31897,0.00634142,0
13.4,5,4.79639,4.7796,0.488663,4.32386,-0.0329212,0
13.45,5,4.79507,4.82485,0.491839,4.32878,0.00423464,0
13.5,5,4.80239,4.78435,0.474266,4.33352,-0.02343,0
13.55,5,4.8017,4.81641,0.475924,4.33828,0.00220989,0
13.6,5,4.80781,4.7846,0.461261,4.34289,-0.0195501,0
13.65,5,4.80283,4.83675,0.473202,4.34762,0.0159209,0
13.7,5,4.8022,4.82914,0.474731,4.35237,0.00203905,0
13.75,5,4.81336,4.76909,0.447948,4.35685,-0.0357108,0
13.8,5,4.8057,4.85234,0.466325,4.36151,0.0245034,0
13.85,5,4.80798,4.81965,0.460841,4.36612,-0.00731283,0
13.9,5,4.81481,4.79318,0.444459,4.37057,-0.0218419,0
13.95,5,4.80554,4.8716,0.466705,4.37523,0.0296609,0
14,5,4.816,4.78775,0.44159,4.37965,-0.033487,0
14.05,5,4.81377,4.8382,0.446945,4.38412,0.0071404,0
14.1,5,4.80716,4.87271,0.462812,4.38875,0.0211561,0
14.15,5,4.81344,4.82086,0.447738,4.39322,-0.0200993,0
14.2,5,4.80955,4.86733,0.45708,4.39779,0.0124565,0
14.25,5,4.82022,4.79942,0.431466,4.40211,-0.0341529,0
14.3,5,4.81853,4.84739,0.435519,4.40646,0.00540436,0
14.35,5,4.82625,4.80296,0.417006,4.41063,-0.0246838,0
14.4,5,4.82261,4.85229,0.425745,4.41489,0.0116518,0
14.45,5,4.82863,4.81099,0.411277,4.419,-0.01929,0
14.5,5,4.83352,4.80689,0.399542,4.423,-0.0156476,0
14.55,5,4.83707,4.80658,0.391023,4.42691,-0.0113578,0
14.6,5,4.83496,4.83374,0.396101,4.43087,0.00677079,0
14.65,5,4.83582,4.8261,0.394037,4.43481,-0.00275254,0
14.7,5,4.83034,4.86357,0.407173,4.43888,0.0175141,0
14.75,5,4.83845,4.80454,0.387718,4.44276,-0.025939,0
14.8,5,4.8339,4.85997,0.398649,4.44675,0.0145746,0
14.85,5,4.8311,4.86513,0.405371,4.4508,0.00896169,0
14.9,5,4.83643,4.83021,0.392563,4.45473,-0.0170764,0
14.95,5,4.84064,4.82752,0.382453,4.45855,-0.0134804,0
15,5,4.84747,4.80642,0.366062,4.46221,-0.0218542,0
15.05,5,4.84616,4.83934,0.369224,4.4659,0.00421579,0
15.1,5,4.85989,4.76157,0.336259,4.46927,-0.0439529,0
15.15,5,4.85233,4.85139,0.354396,4.47281,0.0241826,0
15.2,5,4.86083,4.78296,0.334004,4.47615,-0.0271901,0
15.25,5,4.85414,4.8511,0.350054,4.47965,0.0213998,0
15.3,5,4.8544,4.83178,0.349444,4.48314,-0.000812903,0
15.35,5,4.84372,4.89616,0.375082,4.4869,0.0341843,0
15.4,5,4.85267,4.81538,0.353596,4.49043,-0.0286485,0
15.45,5,4.84156,4.91005,0.380261,4.49423,0.0355541,0
15.5,5,4.84809,4.84158,0.364592,4.49788,-0.0208932,0
15.55,5,4.84028,4.91002,0.383325,4.50171,0.0249782,0
15.6,5,4.85328,4.81574,0.352117,4.50523,-0.0416105,0
15.65,5,4.84354,4.91568,0.375507,4.50899,0.0311861,0
15.7,5,4.84061,4.9047,0.382528,4.51282,0.00936134,0
15.75,5,4.85092,4.84123,0.357801,4.51639,-0.032969,0
15.8,5,4.85282,4.86708,0.353239,4.51993,-0.00608278,0
15.85,5,4.85177,4.88258,0.355749,4.52348,0.00334656,0
15.9,5,4.8423,4.93603,0.378468,4.52727,0.0302922,0
15.95,5,4.85318,4.84834,0.352359,4.53079,-0.0348121,0
16,5,4.85508,4.87601,0.347808,4.53427,-0.0060676,0
16.05,5,4.86164,4.84869,0.332076,4.53759,-0.0209771,0
16.1,5,4.85602,4.90456,0.345551,4.54105,0.017967,0
16.15,5,4.86456,4.84203,0.325056,4.5443,-0.0273268,0
16.2,5,4.86093,4.89299,0.333757,4.54763,0.0116014,0
16.25,5,4.87444,4.80876,0.301339,4.55065,-0.0432242,0
16.3,5,4.86586,4.90329,0.321948,4.55387,0.0274786,0
16.35,5,4.86868,4.86312,0.315159,4.55702,-0.00905208,0
16.4,5,4.86732,4.88299,0.318429,4.5602,0.00436118,0
16.45,5,4.86449,4.89773,0.325219,4.56345,0.00905244,0
16.5,5,4.8671,4.87725,0.318958,4.56664,-0.00834816,0
16.55,5,4.86922,4.87685,0.313861,4.56978,-0.00679519,0
16.6,5,4.86672,4.90085,0.319863,4.57298,0.00800179,0
16.65,5,4.86781,4.88995,0.317261,4.57615,-0.00346881,0
16.7,5,4.87541,4.85386,0.299027,4.57914,-0.0243125,0
16.75,5,4.87669,4.87397,0.295956,4.5821,-0.00409451,0
16.8,5,4.87245,4.90484,0.306122,4.58517,0.0135548,0
16.85,5,4.87981,4.85298,0.288466,4.58805,-0.0235405,0
16.9,5,4.88422,4.85457,0.27787,4.59083,-0.014129,0
16.95,5,4.88041,4.89293,0.287026,4.5937,0.0122086,0
17,5,4.88925,4.83388,0.265809,4.59636,-0.0282896,0
17.05,5,4.88325,4.89854,0.280199,4.59916,0.0191863,0
17.1,5,4.88663,4.86316,0.272089,4.60188,-0.0108123,0
17.15,5,4.87751,4.92795,0.293965,4.60482,0.0291672,0
17.2,5,4.87444,4.91901,0.301344,4.60783,0.0098383,0
17.25,5,4.88176,4.87103,0.283779,4.61067,-0.0234193,0
17.3,5,4.88159,4.89823,0.284181,4.61351,0.000536079,0
17.35,5,4.8847,4.88307,0.27673,4.61628,-0.00993516,0
17.4,5,4.8853,4.89237,0.275275,4.61903,-0.00193919,0
17.45,5,4.87964,4.92888,0.288854,4.62192,0.0181044,0
17.5,5,4.88959,4.85773,0.264985,4.62457,-0.0318252,0
17.55,5,4.88907,4.89514,0.266236,4.62723,0.00166816,0
17.6,5,4.88587,4.9141,0.273903,4.62997,0.0102229,0
17.65,5,4.8819,4.92898,0.283447,4.63281,0.0127251,0
17.7,5,4.87794,4.94134,0.292943,4.63574,0.0126613,0
17.75,5,4.88473,4.89341,0.276642,4.6385,-0.0217351,0
17.8,5,4.87689,4.96203,0.295467,4.64146,0.0251007,0
17.85,5,4.88135,4.9148,0.284764,4.6443,-0.0142705,0
17.9,5,4.88226,4.9268,0.282582,4.64713,-0.00290905,0
17.95,5,4.89698,4.84974,0.247248,4.6496,-0.0471123,0
18,5,4.89529,4.90884,0.251307,4.65212,0.00541201,0
18.05,5,4.89841,4.88836,0.243805,4.65455,-0.0100036,0
18.1,5,4.89589,4.91501,0.249871,4.65705,0.00808829,0
18.15,5,4.89881,4.89298,0.242852,4.65948,-0.00935826,0
18.2,5,4.89623,4.91931,0.249058,4.66197,0.00827514,0
18.25,5,4.89712,4.90848,0.246908,4.66444,-0.00286689,0
18.3,5,4.89339,4.93478,0.255853,4.667,0.011926,0
18.35,5,4.89598,4.91089,0.249657,4.6695,-0.00826128,0
18.4,5,4.89482,4.92814,0.252425,4.67202,0.00369082,0
18.45,5,4.90736,4.85647,0.22234,4.67424,-0.0401127,0
18.5,5,4.89599,4.96274,0.249622,4.67674,0.036376,0
18.55,5,4.90469,4.87994,0.228746,4.67903,-0.0278358,0
18.6,5,4.90269,4.92131,0.233548,4.68136,0.0064032,0
18.65,5,4.89947,4.93537,0.241283,4.68378,0.0103136,0
18.7,5,4.9009,4.9194,0.237841,4.68615,-0.00459026,0
18.75,5,4.90417,4.90797,0.229987,4.68845,-0.0104716,0
18.8,5,4.91253,4.87372,0.20992,4.69055,-0.0267564,0
18.85,5,4.89815,4.98344,0.244429,4.693,0.0460122,0
18.9,5,4.91135,4.86568,0.212766,4.69513,-0.0422164,0
18.95,5,4.90461,4.94793,0.228943,4.69741,0.0215687,0
19,5,4.91209,4.88654,0.210974,4.69952,-0.0239589,0
19.05,5,4.91481,4.89734,0.204459,4.70157,-0.00868628,0
19.1,5,4.91312,4.91756,0.208507,4.70365,0.0053967,0
19.15,5,4.91547,4.90104,0.20287,4.70568,-0.00751545,0
19.2,5,4.90603,4.9637,0.225537,4.70794,0.0302224,0
19.25,5,4.91287,4.89723,0.209105,4.71003,-0.0219087,0
19.3,5,4.904,4.97115,0.23041,4.71233,0.0284056,0
19.35,5,4.91017,4.91031,0.215588,4.71449,-0.0197626,0
19.4,5,4.91874,4.88406,0.195031,4.71644,-0.0274086,0
19.45,5,4.91062,4.95905,0.214503,4.71858,0.025963,0
19.5,5,4.91723,4.89807,0.198645,4.72057,-0.0211448,0
19.55,5,4.91171,4.95227,0.211902,4.72269,0.0176764,0
19.6,5,4.91627,4.91106,0.200955,4.7247,-0.0145966,0
19.65,5,4.91183,4.95264,0.211611,4.72682,0.0142085,0
19.7,5,4.91421,4.92717,0.205902,4.72887,-0.0076118,0
19.75,5,4.90905,4.96586,0.218287,4.73106,0.0165126,0
19.8,5,4.91025,4.94477,0.215401,4.73321,-0.00384687,0
19.85,5,4.903,4.99154,0.232802,4.73554,0.0232003,0
19.9,5,4.91342,4.91205,0.207787,4.73762,-0.0333531,0
19.95,5,4.91295,4.95016,0.20893,4.73971,0.00152451,0
20,5,4.9166,4.93017,0.200158,4.74171,-0.0116961,0
20.05,5,4.91246,4.96718,0.210106,4.74381,0.0132636,0
20.1,5,4.91136,4.96219,0.212742,4.74594,0.00351488,0
20.15,5,4.91302,4.95148,0.208761,4.74802,-0.00530733,0
20.2,5,4.91463,4.9498,0.204889,4.75007,-0.00516368,0
20.25,5,4.91856,4.93488,0.195446,4.75203,-0.0125897,0
20.3,5,4.92498,4.91337,0.180059,4.75383,-0.0205169,0
20.35,5,4.92886,4.91385,0.17074,4.75554,-0.0124247,0
20.4,5,4.92349,4.95816,0.183618,4.75737,0.0171704,0
20.45,5,4.92483,4.93528,0.180397,4.75918,-0.00429426,0
20.5,5,4.92008,4.96811,0.191805,4.76109,0.0152101,0
20.55,5,4.92168,4.9458,0.187957,4.76297,-0.00513073,0
20.6,5,4.92139,4.95448,0.188671,4.76486,0.000952257,0
20.65,5,4.92512,4.93444,0.179721,4.76666,-0.011934,0
20.7,5,4.92767,4.93384,0.173602,4.76839,-0.00815846,0
20.75,5,4.92109,4.98073,0.189392,4.77029,0.0210533,0
20.8,5,4.92104,4.96184,0.189506,4.77218,0.000151845,0
20.85,5,4.92082,4.96483,0.190039,4.77408,0.00071075,0
20.9,5,4.92719,4.93019,0.174749,4.77583,-0.0203862,0
20.95,5,4.93727,4.8956,0.150541,4.77734,-0.0322778,0
21,5,4.94095,4.90873,0.141727,4.77875,-0.0117518,0
21.05,5,4.93837,4.93638,0.147908,4.78023,0.00824125,0
21.1,5,4.93057,4.97352,0.166643,4.7819,0.0249801,0
21.15,5,4.94494,4.86934,0.132135,4.78322,-0.0460105,0
21.2,5,4.95365,4.86773,0.111247,4.78433,-0.0278508,0
21.25,5,4.9436,4.9532,0.135362,4.78569,0.032153,0
21.3,5,4.93971,4.9443,0.144708,4.78713,0.0124614,0
21.35,5,4.93463,4.96184,0.15689,4.7887,0.0162435,0
21.4,5,4.93647,4.93681,0.152471,4.79023,-0.00589215,0
21.45,5,4.93531,4.95073,0.15525,4.79178,0.00370527,0
21.5,5,4.93563,4.94681,0.154496,4.79332,-0.00100577,0
21.55,5,4.93676,4.94301,0.151786,4.79484,-0.0036136,0
21.6,5,4.93463,4.96009,0.156882,4.79641,0.00679555,0
21.65,5,4.93629,4.94553,0.152899,4.79794,-0.00531038,0
21.7,5,4.93573,4.95555,0.154259,4.79948,0.0018129,0
21.75,5,4.93792,4.94292,0.148983,4.80097,-0.00703476,0
21.8,5,4.93846,4.94842,0.147694,4.80245,-0.00171892,0
21.85,5,4.9425,4.92889,0.137993,4.80383,-0.0129343,0
21.9,5,4.94207,4.94565,0.139037,4.80522,0.00139232,0
21.95,5,4.94694,4.91827,0.127353,4.80649,-0.0155794,0
22,5,4.94767,4.931,0.125594,4.80775,-0.00234511,0
22.05,5,4.94521,4.94844,0.131501,4.80906,0.00787593,0
22.1,5,4.94636,4.9354,0.128738,4.81035,-0.00368418,0
22.15,5,4.93822,4.98617,0.148279,4.81183,0.0260545,0
22.2,5,4.93377,4.98663,0.158961,4.81342,0.0142437,0
22.25,5,4.94713,4.89883,0.126893,4.81469,-0.0427572,0
22.3,5,4.93947,4.98591,0.145267,4.81615,0.0244985,0
22.35,5,4.94618,4.92513,0.129166,4.81744,-0.0214686,0
22.4,5,4.94423,4.95885,0.133842,4.81878,0.00623499,0
22.45,5,4.95219,4.90919,0.114738,4.81992,-0.0254723,0
22.5,5,4.94085,4.99957,0.141949,4.82134,0.0362814,0
22.55,5,4.95019,4.91218,0.119534,4.82254,-0.0298869,0
22.6,5,4.95124,4.93738,0.11702,4.82371,-0.00335183,0
22.65,5,4.95303,4.93182,0.11272,4.82483,-0.00573366,0
22.7,5,4.94531,4.9821,0.131249,4.82615,0.0247054,0
22.75,5,4.95191,4.92162,0.115422,4.8273,-0.0211027,0
22.8,5,4.94372,4.98993,0.135075,4.82865,0.0262047,0
22.85,5,4.9512,4.923,0.117117,4.82982,-0.0239448,0
22.9,5,4.94896,4.96071,0.122492,4.83105,0.00716743,0
22.95,5,4.95996,4.8929,0.09609,4.83201,-0.0352029,0
23,5,4.95841,4.93777,0.0998077,4.83301,0.00495681,0
23.05,5,4.9464,5.00137,0.128637,4.83429,0.0384388,0
23.1,5,4.95579,4.9114,0.106099,4.83535,-0.0300502,0
23.15,5,4.94598,4.99769,0.129645,4.83665,0.0313946,0
23.2,5,4.95413,4.92175,0.110081,4.83775,-0.0260849,0
23.25,5,4.94796,4.98364,0.124893,4.839,0.0197492,0
23.3,5,4.94926,4.95785,0.12178,4.84022,-0.00415114,0
23.35,5,4.93978,5.0165,0.144517,4.84166,0.0303158,0
23.4,5,4.95436,4.90565,0.109535,4.84276,-0.046642,0
23.45,5,4.9369,5.05161,0.151451,4.84427,0.0558874,0
23.5,5,4.94881,4.93022,0.122851,4.8455,-0.0381331,0
23.55,5,4.94592,4.98583,0.129785,4.8468,0.00924579,0
23.6,5,4.94607,4.97708,0.129441,4.84809,-0.000458672,0
23.65,5,4.94887,4.96305,0.122708,4.84932,-0.0089781,0
23.7,5,4.94969,4.96865,0.120742,4.85053,-0.00262124,0
23.75,5,4.94335,5.00816,0.135967,4.85189,0.0203008,0
23.8,5,4.95122,4.94495,0.117075,4.85306,-0.0251897,0
23.85,5,4.94817,4.98846,0.124398,4.8543,0.00976347,0
23.9,5,4.95701,4.93024,0.103187,4.85534,-0.0282815,0
23.95,5,4.95486,4.9716,0.108329,4.85642,0.00685616,0
24,5,4.96696,4.89779,0.0792941,4.85721,-0.0387128,0
24.05,5,4.9554,5.0023,0.107033,4.85828,0.0369856,0
24.1,5,4.95965,4.94249,0.096836,4.85925,-0.0135964,0
24.15,5,4.96041,4.95279,0.0950159,4.8602,-0.00242684,0
24.2,5,4.95186,5.00425,0.115534,4.86136,0.0273578,0
24.25,5,4.94961,4.99071,0.120939,4.86257,0.00720663,0
24.3,5,4.95751,4.94027,0.101974,4.86358,-0.0252873,0
24.35,5,4.96046,4.95,0.0948997,4.86453,-0.00943198,0
24.4,5,4.95802,4.97409,0.100748,4.86554,0.00779726,0
24.45,5,4.96635,4.92047,0.0807662,4.86635,-0.026642,0
24.5,5,4.95839,4.99267,0.0998625,4.86735,0.0254618,0
24.55,5,4.96117,4.95257,0.0931873,4.86828,-0.00890029,0
24.6,5,4.95203,5.01381,0.115126,4.86943,0.0292518,0
24.65,5,4.94972,4.99869,0.120665,4.87064,0.0073847,0
24.7,5,4.95083,4.98627,0.118002,4.87182,-0.00354993,0
24.75,5,4.95655,4.95884,0.104277,4.87286,-0.0183008,0
24.8,5,4.95592,4.98175,0.105799,4.87392,0.00202918,0
24.85,5,4.96536,4.92765,0.0831279,4.87475,-0.0302275,0
24.9,5,4.96969,4.93436,0.0727393,4.87548,-0.0138514,0
24.95,5,4.97228,4.93441,0.0665378,4.87614,-0.00826867,0
25,5,4.96656,4.97552,0.0802676,4.87695,0.0183063,0
25.05,5,4.96973,4.94016,0.0726465,4.87767,-0.0101614,0
25.1,5,4.96599,4.97211,0.0816357,4.87849,0.0119856,0
25.15,5,4.96521,4.96531,0.0834994,4.87932,0.00248489,0
25.2,5,4.96791,4.94845,0.077009,4.88009,-0.00865394,0
25.25,5,4.96581,4.96972,0.0820668,4.88091,0.00674374,0
25.3,5,4.96753,4.95408,0.0779201,4.88169,-0.00552891,0
25.35,5,4.96603,4.96886,0.0815317,4.88251,0.00481551,0
25.4,5,4.96288,4.98259,0.089098,4.8834,0.0100884,0
25.45,5,4.95931,4.99343,0.0976514,4.88438,0.0114046,0
25.5,5,4.97388,4.90108,0.0626927,4.885,-0.0466116,0
25.55,5,4.96271,5.01113,0.0894952,4.8859,0.0357366,0
25.6,5,4.96868,4.94272,0.0751688,4.88665,-0.0191019,0
25.65,5,4.96376,4.99026,0.0869849,4.88752,0.0157548,0
25.7,5,4.9602,4.99536,0.0955139,4.88847,0.011372,0
25.75,5,4.95573,5.01008,0.106242,4.88954,0.0143045,0
25.8,5,4.95852,4.98119,0.0995612,4.89053,-0.00890806,0
25.85,5,4.96722,4.94215,0.0786762,4.89132,-0.0278468,0
25.9,5,4.96414,4.98809,0.086064,4.89218,0.00985047,0
25.95,5,4.9616,4.99339,0.0921592,4.8931,0.00812689,0
26,5,4.96141,4.98724,0.0926113,4.89403,0.000602853,0
26.05,5,4.96525,4.966,0.0834099,4.89486,-0.0122686,0
26.1,5,4.96184,4.99827,0.0915888,4.89578,0.0109052,0
26.15,5,4.96894,4.94833,0.074539,4.89652,-0.022733,0
26.2,5,4.96655,4.98525,0.0802775,4.89733,0.00765135,0
26.25,5,4.96621,4.98031,0.0810913,4.89814,0.00108507,0
26.3,5,4.96602,4.98113,0.0815558,4.89895,0.000619218,0
26.35,5,4.97196,4.94793,0.0673039,4.89962,-0.0190024,0
26.4,5,4.97195,4.96766,0.0673297,4.9003,3.43381e-05,0
26.45,5,4.96785,4.99135,0.0771635,4.90107,0.0131118,0
26.5,5,4.95961,5.02532,0.0969265,4.90204,0.0263507,0
26.55,5,4.96841,4.95046,0.075812,4.9028,-0.0281527,0
26.6,5,4.96247,5.01281,0.0900834,4.9037,0.0190285,0
26.65,5,4.97018,4.95128,0.0715599,4.90441,-0.0246979,0
26.7,5,4.96993,4.97813,0.0721755,4.90514,0.000820686,0
26.75,5,4.97226,4.96494,0.0665862,4.9058,-0.00745229,0
26.8,5,4.97409,4.96273,0.062181,4.90642,-0.00587367,0
26.85,5,4.98157,4.92715,0.0442241,4.90687,-0.0239425,0
26.9,5,4.97593,4.98327,0.05777,4.90744,0.0180612,0
26.95,5,4.97626,4.96393,0.056977,4.90801,-0.00105733,0
27,5,4.97117,4.99421,0.0692026,4.9087,0.0163007,0
27.05,5,4.97705,4.94553,0.0550913,4.90926,-0.018815,0
27.1,5,4.97884,4.95481,0.0507869,4.90976,-0.00573915,0
27.15,5,4.97832,4.96398,0.0520335,4.91028,0.00166211,0
27.2,5,4.98327,4.93498,0.0401446,4.91069,-0.0158519,0
27.25,5,4.98397,4.94731,0.0384701,4.91107,-0.00223263,0
27.3,5,4.97616,4.99387,0.0572225,4.91164,0.0250032,0
27.35,5,4.96957,5.00646,0.0730226,4.91237,0.0210667,0
27.4,5,4.97258,4.96919,0.0657976,4.91303,-0.00963339,0
27.45,5,4.97382,4.97256,0.0628428,4.91366,-0.0039397,0
27.5,5,4.97236,4.9853,0.0663296,4.91432,0.00464905,0
27.55,5,4.97241,4.98102,0.066205,4.91498,-0.000166144,0
27.6,5,4.96625,5.01653,0.0810053,4.91579,0.0197338,0
27.65,5,4.97514,4.94759,0.0596579,4.91639,-0.0284633,0
27.7,5,4.96922,5.00996,0.0738765,4.91713,0.0189582,0
27.75,5,4.98037,4.92902,0.0471082,4.9176,-0.0356911,0
27.8,5,4.977,4.98416,0.0552072,4.91815,0.0107986,0
27.85,5,4.98053,4.95403,0.0467239,4.91862,-0.011311,0
27.9,5,4.98131,4.96143,0.0448563,4.91907,-0.0024901,0
27.95,5,4.97983,4.9727,0.0484092,4.91955,0.00473715,0
28,5,4.98082,4.9629,0.0460417,4.92001,-0.00315664,0
28.05,5,4.97351,5.00761,0.0635779,4.92065,0.0233816,0
28.1,5,4.98107,4.94233,0.0454268,4.9211,-0.0242015,0
28.15,5,4.97879,4.97982,0.0509063,4.92161,0.00730601,0
28.2,5,4.97484,4.99525,0.0603901,4.92222,0.012645,0
28.25,5,4.97812,4.96476,0.0525168,4.92274,-0.0104978,0
28.3,5,4.98172,4.95555,0.043882,4.92318,-0.011513,0
28.35,5,4.97681,4.9951,0.0556617,4.92374,0.0157063,0
28.4,5,4.97098,5.01275,0.0696584,4.92443,0.0186623,0
28.45,5,4.97404,4.97754,0.0622987,4.92506,-0.00981289,0
28.5,5,4.98028,4.95287,0.0473164,4.92553,-0.0199764,0
28.55,5,4.97857,4.98294,0.0514226,4.92604,0.00547489,0
28.6,5,4.97704,4.98663,0.0551131,4.92659,0.00492071,0
28.65,5,4.9765,4.9853,0.0564093,4.92716,0.0017282,0
28.7,5,4.97467,4.99439,0.0607877,4.92777,0.00583785,0
28.75,5,4.97368,4.99476,0.0631754,4.9284,0.00318363,0
28.8,5,4.98223,4.94408,0.0426375,4.92883,-0.0273838,0
28.85,5,4.97579,5.00814,0.0581053,4.92941,0.0206238,0
28.9,5,4.97636,4.98488,0.0567333,4.92997,-0.00182936,0
28.95,5,4.97701,4.9836,0.0551655,4.93053,-0.00209044,0
29,5,4.9704,5.02344,0.071041,4.93124,0.0211674,0
29.05,5,4.96722,5.02086,0.0786666,4.93202,0.0101673,0
29.1,5,4.97287,4.97969,0.0651037,4.93267,-0.0180839,0
29.15,5,4.97476,4.98782,0.0605755,4.93328,-0.00603754,0
29.2,5,4.97839,4.97402,0.0518533,4.9338,-0.0116296,0
29.25,5,4.97605,4.99936,0.0574844,4.93437,0.00750808,0
29.3,5,4.98115,4.96377,0.0452518,4.93482,-0.0163102,0
29.35,5,4.9713,5.03587,0.0688689,4.93551,0.0314896,0
29.4,5,4.97619,4.9776,0.0571446,4.93608,-0.0156324,0
29.45,5,4.97242,5.01502,0.0662016,4.93675,0.012076,0
29.5,5,4.97093,5.01194,0.0697571,4.93744,0.0047406,0
29.55,5,4.9808,4.95244,0.0460896,4.93791,-0.0315567,0
29.6,5,4.97929,4.99291,0.0496983,4.9384,0.00481161,0
29.65,5,4.98081,4.98006,0.0460555,4.93886,-0.0048571,0
29.7,5,4.98344,4.97061,0.039751,4.93926,-0.00840597,0
29.75,5,4.98526,4.96915,0.0353722,4.93961,-0.00583841,0
29.8,5,4.98428,4.98083,0.037717,4.93999,0.00312641,0
29.85,5,4.98167,4.99281,0.0439999,4.94043,0.00837723,0
29.9,5,4.97606,5.01641,0.0574579,4.94101,0.017944,0
29.95,5,4.97687,4.9945,0.0555203,4.94156,-0.00258345,0
30,5,4.97751,4.994,0.0539702,4.9421,-0.00206687,0
30.05,5,4.98208,4.97093,0.043013,4.94253,-0.0146096,0
30.1,5,4.98264,4.98281,0.0416627,4.94295,-0.00180037,0
30.15,5,4.97809,5.01064,0.0525914,4.94347,0.0145716,0
30.2,5,4.98029,4.98417,0.0472927,4.94395,-0.00706498,0
30.25,5,4.97664,5.01226,0.0560615,4.94451,0.0116917,0
30.3,5,4.97838,4.99137,0.0518962,4.94503,-0.00555365,0
30.35,5,4.98037,4.98623,0.0471118,4.9455,-0.00637923,0
30.4,5,4.9817,4.9856,0.0439214,4.94594,-0.00425383,0
30.45,5,4.98713,4.95973,0.0308792,4.94625,-0.0173897,0
30.5,5,4.98522,4.98817,0.0354617,4.9466,0.00610999,0
30.55,5,4.98417,4.98836,0.0379996,4.94698,0.00338394,0
30.6,5,4.98397,4.98648,0.0384796,4.94736,0.000640036,0
30.65,5,4.99371,4.93144,0.0150988,4.94752,-0.0311745,0
30.7,5,4.98385,5.01823,0.0387676,4.9479,0.0315585,0
30.75,5,4.98952,4.95518,0.0251633,4.94815,-0.0181391,0
30.8,5,4.99225,4.95818,0.0185959,4.94834,-0.00875653,0
30.85,5,4.98478,5.00916,0.0365356,4.94871,0.0239197,0
30.9,5,4.98009,5.01195,0.0477784,4.94918,0.0149903,0
30.95,5,4.98884,4.94823,0.0267798,4.94945,-0.0279981,0
31,5,4.97799,5.03753,0.052825,4.94998,0.0347269,0
31.05,5,4.99565,4.904,0.0104352,4.95008,-0.0565197,0
31.1,5,4.99086,4.98755,0.0219267,4.9503,0.015322,0
31.15,5,4.98564,5.00182,0.0344619,4.95065,0.0167136,0
31.2,5,4.98463,4.99114,0.0368872,4.95102,0.00323375,0
31.25,5,4.98556,4.98306,0.0346639,4.95136,-0.00296443,0
31.3,5,4.98551,4.98661,0.0347645,4.95171,0.000134134,0
31.35,5,4.99233,4.94848,0.0184001,4.9519,-0.0218192,0
31.4,5,4.98777,4.99613,0.0293482,4.95219,0.0145975,0
31.45,5,4.98984,4.97019,0.0243806,4.95243,-0.00662345,0
31.5,5,4.99485,4.94887,0.0123526,4.95256,-0.0160374,0
31.55,5,4.98057,5.04539,0.0466438,4.95302,0.0457217,0
31.6,5,4.98885,4.95356,0.0267687,4.95329,-0.0265003,0
31.65,5,4.99201,4.96256,0.0191854,4.95348,-0.010111,0
31.7,5,4.98993,4.98454,0.0241712,4.95372,0.00664777,0
31.75,5,4.98107,5.02797,0.0454378,4.95418,0.0283554,0
31.8,5,4.98953,4.95248,0.0251293,4.95443,-0.027078,0
31.85,5,4.9828,5.01764,0.041274,4.95484,0.0215263,0
31.9,5,4.98417,4.98886,0.038003,4.95522,-0.00436131,0
31.95,5,4.98663,4.97973,0.0320832,4.95554,-0.00789308,0
32,5,4.9895,4.97183,0.0252057,4.9558,-0.00916991,0
32.05,5,4.98248,5.02071,0.0420457,4.95622,0.0224533,0
32.1,5,4.98438,4.988,0.037489,4.95659,-0.0060756,0
32.15,5,4.97637,5.0395,0.0567135,4.95716,0.0256327,0
32.2,5,4.98709,4.95416,0.0309888,4.95747,-0.0342995,0
32.25,5,4.98939,4.97581,0.0254582,4.95772,-0.00737418,0
32.3,5,4.99651,4.9434,0.00837509,4.95781,-0.0227775,0
32.35,5,4.98652,5.02244,0.0323469,4.95813,0.0319624,0
32.4,5,4.99114,4.96483,0.0212656,4.95834,-0.014775,0
32.45,5,4.98411,5.01933,0.0381251,4.95872,0.0224793,0
32.5,5,4.99014,4.96336,0.0236697,4.95896,-0.019274,0
32.55,5,4.98947,4.98664,0.0252812,4.95921,0.00214873,0
32.6,5,4.98812,4.99231,0.0285081,4.9595,0.00430254,0
32.65,5,5.00142,4.91353,-0.00339605,4.95946,-0.0425389,0
32.7,5,4.98343,5.05719,0.0397724,4.95986,0.0575579,0
32.75,5,4.98396,4.99704,0.0384936,4.96025,-0.001705,0
32.8,5,4.98712,4.98135,0.0309098,4.96056,-0.0101118,0
32.85,5,4.99434,4.95118,0.0135862,4.96069,-0.0230981,0
32.9,5,4.99347,4.9793,0.0156693,4.96085,0.00277747,0
32.95,5,4.99067,4.99243,0.0223942,4.96107,0.00896661,0
33,5,4.98679,5.00548,0.0316942,4.96139,0.0123999,0
33.05,5,4.99093,4.97014,0.0217662,4.96161,-0.0132374,0
33.1,5,4.98315,5.02736,0.0404433,4.96201,0.0249028,0
33.15,5,4.98636,4.98481,0.0327422,4.96234,-0.0102681,0
33.2,5,4.98829,4.98455,0.0281089,4.96262,-0.00617776,0
33.25,5,4.98984,4.98229,0.0243888,4.96286,-0.00496014,0
33.3,5,4.98177,5.0329,0.0437626,4.9633,0.0258317,0
33.35,5,4.99065,4.95754,0.0224407,4.96353,-0.0284292,0
33.4,5,4.98841,4.99876,0.0278045,4.9638,0.00715169,0
33.45,5,4.98467,5.01293,0.0367841,4.96417,0.0119728,0
33.5,5,4.99557,4.94004,0.0106333,4.96428,-0.0348677,0
33.55,5,4.98846,5.01498,0.0276867,4.96455,0.0227379,0
33.6,5,4.99245,4.9701,0.0181205,4.96474,-0.012755,0
33.65,5,4.98692,5.01416,0.0314032,4.96505,0.0177102,0
33.7,5,4.98102,5.02991,0.0455474,4.96551,0.018859,0
33.75,5,4.98691,4.97838,0.0314113,4.96582,-0.0188481,0
33.8,5,4.9895,4.98298,0.0251976,4.96607,-0.00828501,0
33.85,5,4.98525,5.01545,0.0354094,4.96643,0.0136157,0
33.9,5,4.98116,5.02516,0.0452119,4.96688,0.01307,0
33.95,5,4.98322,5.00096,0.0402713,4.96728,-0.00658744,0
34,5,4.97953,5.02872,0.0491346,4.96777,0.0118178,0
34.05,5,4.98153,5.00611,0.0443167,4.96822,-0.00642391,0
34.1,5,4.98269,5.0065,0.041554,4.96863,-0.00368365,0
34.15,5,4.98146,5.01752,0.044508,4.96908,0.00393869,0
34.2,5,4.98246,5.00835,0.0420858,4.9695,-0.00322953,0
34.25,5,4.98669,4.98826,0.0319521,4.96982,-0.0135117,0
34.3,5,4.98491,5.01208,0.0362171,4.97018,0.00568662,0
34.35,5,4.97964,5.03638,0.0488601,4.97067,0.0168573,0
34.4,5,4.98907,4.96698,0.026227,4.97093,-0.0301774,0
34.45,5,4.98849,5.00068,0.0276171,4.97121,0.00185342,0
34.5,5,4.98589,5.01374,0.0338634,4.97154,0.00832842,0
34.55,5,4.9848,5.01189,0.0364861,4.97191,0.00349703,0
34.6,5,4.98637,4.9999,0.0327035,4.97224,-0.00504358,0
34.65,5,4.98332,5.02243,0.0400265,4.97264,0.00976409,0
34.7,5,4.98469,5.00539,0.0367504,4.973,-0.00436814,0
34.75,5,4.98368,5.0158,0.0391719,4.9734,0.00322866,0
34.8,5,4.98917,4.98207,0.0259896,4.97366,-0.0175764,0
34.85,5,4.98724,5.01077,0.0306283,4.97396,0.00618493,0
34.9,5,4.98529,5.01583,0.0352939,4.97431,0.00622084,0
34.95,5,4.98607,5.00559,0.0334283,4.97465,-0.0024875,0
35,5,4.99092,4.98113,0.0217873,4.97487,-0.0155213,0
35.05,5,4.98865,5.00967,0.0272481,4.97514,0.0072811,0
35.1,5,4.98914,4.99987,0.0260561,4.9754,-0.00158939,0
35.15,5,4.99257,4.98243,0.0178273,4.97558,-0.0109717,0
35.2,5,4.98713,5.02417,0.0308796,4.97589,0.017403,0
35.25,5,4.99443,4.96605,0.0133732,4.97602,-0.0233418,0
35.3,5,4.98416,5.04729,0.038022,4.9764,0.032865,0
35.35,5,4.99252,4.9678,0.0179622,4.97658,-0.0267464,0
35.4,5,4.98925,5.01309,0.0258,4.97684,0.0104505,0
35.45,5,4.98964,5.0007,0.0248621,4.97709,-0.00125054,0
35.5,5,4.98586,5.02344,0.0339255,4.97743,0.0120845,0
35.55,5,4.99399,4.96601,0.0144315,4.97757,-0.025992,0
35.6,5,4.98752,5.02853,0.0299561,4.97787,0.0206995,0
35.65,5,4.98876,5.00115,0.0269803,4.97814,-0.00396775,0
35.7,5,4.99533,4.9684,0.0111969,4.97825,-0.0210445,0
35.75,5,4.98849,5.02808,0.0276348,4.97853,0.0219173,0
35.8,5,4.99951,4.94441,0.00116599,4.97854,-0.0352918,0
35.85,5,5.00078,4.97259,-0.00187464,4.97852,-0.00405418,0
35.9,5,5.00589,4.94792,-0.0141269,4.97838,-0.0163363,0
35.95,5,5.00381,4.97576,-0.00915411,4.97829,0.00663036,0
36,5,5.00895,4.94016,-0.0214807,4.97807,-0.0164354,0
36.05,5,5.00317,4.98888,-0.00761206,4.978,0.0184915,0
36.1,5,5.00068,4.9843,-0.00164326,4.97798,0.0079584,0
36.15,5,5.00707,4.94044,-0.0169566,4.97781,-0.0204178,0
36.2,5,4.99567,5.02479,0.0104003,4.97792,0.0364758,0
36.25,5,5.00006,4.96372,-0.000137962,4.97791,-0.014051,0
36.3,5,4.98593,5.05725,0.0337767,4.97825,0.0452195,0
36.35,5,4.99152,4.98089,0.0203452,4.97846,-0.0179086,0
36.4,5,4.9907,5.00362,0.0223171,4.97868,0.00262914,0
36.45,5,4.9967,4.96747,0.00791605,4.97876,-0.0192013,0
36.5,5,4.99504,4.99608,0.0118945,4.97888,0.00530455,0
36.55,5,5.00107,4.957,-0.0025671,4.97885,-0.0192821,0
36.6,5,4.98858,5.04652,0.0274159,4.97912,0.0399773,0
36.65,5,4.99597,4.96522,0.00966371,4.97922,-0.0236695,0
36.7,5,4.99709,4.98268,0.00697639,4.97929,-0.0035831,0
36.75,5,5.00558,4.93863,-0.013384,4.97916,-0.0271471,0
36.8,5,4.99343,5.03397,0.0157757,4.97932,0.0388796,0
36.85,5,4.99697,4.97531,0.00726791,4.97939,-0.0113437,0
36.9,5,5.00046,4.9671,-0.00111027,4.97938,-0.0111709,0
36.95,5,4.9917,5.02756,0.0199281,4.97958,0.0280512,0
37,5,4.99001,5.00919,0.0239754,4.97982,0.00539631,0
37.05,5,4.98897,5.00988,0.0264729,4.98008,0.00332999,0
37.1,5,4.99944,4.94795,0.00135346,4.98009,-0.0334925,0
37.15,5,4.99964,4.98034,0.000875972,4.9801,-0.000636646,0
37.2,5,5.00397,4.95661,-0.00952622,4.98001,-0.0138696,0
37.25,5,4.99829,5.00233,0.00410396,4.98005,0.0181736,0
37.3,5,5.0014,4.96669,-0.00336449,4.98001,-0.00995793,0
37.35,5,4.99345,5.02134,0.0157218,4.98017,0.0254484,0
37.4,5,4.99218,5.00321,0.0187766,4.98036,0.00407303,0
37.45,5,4.99338,4.99253,0.0158785,4.98052,-0.00386406,0
37.5,5,4.99503,4.98732,0.0119374,4.98064,-0.0052549,0
37.55,5,5.00082,4.96013,-0.00195863,4.98062,-0.018528,0
37.6,5,4.98217,5.08348,0.0427803,4.98105,0.0596519,0
37.65,5,4.98817,4.99052,0.0283854,4.98133,-0.0191932,0
37.7,5,4.99565,4.96792,0.0104285,4.98143,-0.0239425,0
37.75,5,4.9967,4.98607,0.0079124,4.98151,-0.00335484,0
37.8,5,4.99293,5.01074,0.016973,4.98168,0.0120808,0
37.85,5,4.988,5.02652,0.0287914,4.98197,0.0157579,0
37.9,5,4.9916,4.99082,0.0201583,4.98217,-0.0115108,0
37.95,5,4.99775,4.96796,0.00540283,4.98223,-0.019674,0
38,5,4.98719,5.04705,0.0307357,4.98253,0.0337771,0
38.05,5,4.99213,4.9858,0.018883,4.98272,-0.0158035,0
38.1,5,4.99292,4.99739,0.0170029,4.98289,-0.00250686,0
38.15,5,4.99839,4.96927,0.00386054,4.98293,-0.0175231,0
38.2,5,4.99777,4.99034,0.00535886,4.98299,0.00199777,0
38.25,5,4.99397,5.00974,0.0144647,4.98313,0.0121411,0
38.3,5,5.00165,4.95459,-0.00394842,4.98309,-0.0245508,0
38.35,5,4.9981,4.99903,0.00455719,4.98314,0.0113408,0
38.4,5,4.99845,4.98578,0.00372076,4.98317,-0.00111524,0
38.45,5,4.99168,5.02502,0.0199747,4.98337,0.0216719,0
38.5,5,4.9962,4.97809,0.00911041,4.98346,-0.0144857,0
38.55,5,4.99106,5.02162,0.0214646,4.98368,0.0164723,0
38.6,5,4.9992,4.95956,0.00191931,4.9837,-0.0260604,0
38.65,5,4.9993,4.9851,0.0016885,4.98371,-0.000307745,0
38.7,5,5.00501,4.95331,-0.0120152,4.98359,-0.0182715,0
38.75,5,4.99713,5.01575,0.00688584,4.98366,0.0252013,0
38.8,5,5.00596,4.94098,-0.0142965,4.98352,-0.0282431,0
38.85,5,5.00909,4.95144,-0.0218261,4.9833,-0.0100394,0
38.9,5,5.0021,5.00062,-0.00502862,4.98325,0.0223967,0
38.95,5,5.00591,4.9567,-0.0141912,4.98311,-0.0122168,0
39,5,4.99656,5.02138,0.00825795,4.98319,0.0299322,0
39.05,5,4.99821,4.98223,0.00428629,4.98324,-0.00529555,0
39.1,5,4.9879,5.04557,0.0290401,4.98353,0.0330051,0
39.15,5,4.98523,5.02785,0.0354401,4.98388,0.00853336,0
39.2,5,4.99017,4.99193,0.0236008,4.98412,-0.0157858,0
39.25,5,4.99468,4.98256,0.0127643,4.98424,-0.0144486,0
39.3,5,4.99656,4.98659,0.00826519,4.98433,-0.00599886,0
39.35,5,4.99257,5.0151,0.0178359,4.9845,0.012761,0
39.4,5,4.991,5.01132,0.0215905,4.98472,0.00500612,0
39.45,5,4.99989,4.95658,0.000275216,4.98472,-0.0284204,0
39.5,5,5.00678,4.94623,-0.0162687,4.98456,-0.0220586,0
39.55,5,5.00528,4.97657,-0.0126661,4.98443,0.0048035,0
39.6,5,5.00892,4.95117,-0.0214031,4.98422,-0.0116494,0
39.65,5,5.00441,4.98795,-0.0105854,4.98411,0.0144236,0
39.7,5,5.00251,4.9841,-0.00603125,4.98405,0.00607224,0
39.75,5,5.00684,4.95363,-0.0164133,4.98389,-0.0138428,0
39.8,5,5.00154,4.99711,-0.00369696,4.98385,0.0169552,0
39.85,5,5.0028,4.97301,-0.00672895,4.98379,-0.00404266,0
39.9,5,4.98967,5.05084,0.0247847,4.98403,0.0420183,0
39.95,5,4.99942,4.95424,0.00138737,4.98405,-0.0311965,0
40,5,4.99747,4.99642,0.00606838,4.98411,0.00624135,0
40.05,5,4.99578,4.99977,0.0101378,4.98421,0.00542589,0
40.1,5,4.99488,4.99949,0.0122911,4.98433,0.00287113,0
40.15,5,4.9928,5.00843,0.0172752,4.98451,0.00664535,0
40.2,5,4.99521,4.98842,0.0115004,4.98462,-0.00769967,0
40.25,5,5.00016,4.9684,-0.000378492,4.98462,-0.0158385,0
40.3,5,4.99487,5.01398,0.0123157,4.98474,0.0169256,0
40.35,5,4.99984,4.96923,0.000387297,4.98474,-0.0159045,0
40.4,5,4.99362,5.02009,0.0153058,4.9849,0.0198914,0
40.45,5,4.99542,4.99022,0.0109822,4.98501,-0.00576486,0
40.5,5,4.98599,5.04914,0.0336169,4.98534,0.0301796,0
40.55,5,4.98906,5.00204,0.0262512,4.9856,-0.00982098,0
40.6,5,4.99108,5.00077,0.021407,4.98582,-0.00645898,0
40.65,5,4.99365,4.99296,0.0152282,4.98597,-0.00823836,0
40.7,5,4.99235,5.00869,0.0183588,4.98615,0.00417411,0
40.75,5,4.99302,5.00094,0.0167534,4.98632,-0.00214053,0
40.8,5,5.00026,4.9625,-0.000632003,4.98632,-0.0231805,0
40.85,5,4.99754,5.00099,0.00590109,4.98638,0.0087108,0
40.9,5,5.00451,4.95313,-0.0108294,4.98627,-0.0223073,0
40.95,5,4.99597,5.02336,0.00966749,4.98636,0.0273291,0
41,5,4.99787,4.98543,0.00510404,4.98641,-0.0060846,0
41.05,5,4.99558,5.00449,0.0106159,4.98652,0.0073492,0
41.1,5,4.99207,5.01698,0.0190377,4.98671,0.011229,0
41.15,5,4.99454,4.99205,0.0131119,4.98684,-0.00790101,0
41.2,5,4.99447,5.00044,0.0132617,4.98697,0.000199646,0
41.25,5,4.99982,4.97029,0.000424889,4.98698,-0.0171157,0
41.3,5,4.98765,5.05589,0.0296482,4.98728,0.0389644,0
41.35,5,5.00957,4.89391,-0.0229722,4.98705,-0.0701605,0
41.4,5,5.0073,4.97664,-0.0175119,4.98687,0.00728045,0
41.45,5,5.00242,4.99661,-0.00580921,4.98681,0.0156035,0
41.5,5,4.99621,5.01586,0.00909143,4.9869,0.0198675,0
41.55,5,4.99074,5.02684,0.0222176,4.98713,0.0175016,0
41.6,5,5.00107,4.9515,-0.00256299,4.9871,-0.0330408,0
41.65,5,4.98936,5.05034,0.0255297,4.98736,0.037457,0
41.7,5,4.99973,4.95483,0.00064554,4.98736,-0.0331789,0
41.75,5,5.00521,4.9572,-0.0125036,4.98724,-0.0175321,0
41.8,5,5.00126,4.9968,-0.00303297,4.98721,0.0126275,0
41.85,5,4.99538,5.01722,0.011082,4.98732,0.01882,0
41.9,5,5.00147,4.96427,-0.00352794,4.98728,-0.01948,0
41.95,5,4.9969,5.00939,0.00742888,4.98736,0.0146091,0
42,5,4.98921,5.03811,0.0258848,4.98762,0.0246079,0
42.05,5,4.99213,4.99736,0.0188854,4.9878,-0.00933254,0
42.1,5,4.99551,4.98789,0.0107825,4.98791,-0.0108038,0
42.15,5,4.99243,5.01612,0.0181722,4.98809,0.00985296,0
42.2,5,4.99475,4.99338,0.012594,4.98822,-0.00743772,0
42.25,5,5.00903,4.92066,-0.0216658,4.988,-0.0456797,0
42.3,5,4.99771,5.02978,0.0055,4.98806,0.0362211,0
42.35,5,5.00308,4.96337,-0.00740398,4.98798,-0.0172053,0
42.4,5,4.99189,5.04345,0.019456,4.98818,0.0358134,0
42.45,5,5.00256,4.94785,-0.00614042,4.98812,-0.0341286,0
42.5,5,4.99792,5.00798,0.00498116,4.98817,0.0148288,0
42.55,5,4.9953,5.00794,0.011272,4.98828,0.00838784,0
42.6,5,4.9962,4.99464,0.0091262,4.98837,-0.00286112,0
42.65,5,5.00623,4.94114,-0.0149612,4.98822,-0.0321165,0
42.7,5,4.99715,5.02422,0.00685034,4.98829,0.029082,0
42.75,5,5.00673,4.94129,-0.0161576,4.98813,-0.0306773,0
42.8,5,5.00403,4.98702,-0.00966457,4.98803,0.00865738,0
42.85,5,5.00918,4.94926,-0.022044,4.98781,-0.0165059,0
42.9,5,5.00275,5.00175,-0.00659278,4.98774,0.0206016,0
42.95,5,5.00045,4.99402,-0.00107367,4.98773,0.00735881,0
43,5,5.00631,4.95369,-0.0151409,4.98758,-0.0187563,0
43.05,5,5.00584,4.9749,-0.0140265,4.98744,0.00148582,0
43.1,5,4.99971,5.00778,0.000699133,4.98745,0.0196342,0
43.15,5,4.99124,5.03577,0.0210201,4.98766,0.0270946,0
43.2,5,4.99937,4.9632,0.00152102,4.98767,-0.0259988,0
43.25,5,5.00022,4.98441,-0.000529335,4.98767,-0.00273381,0
43.3,5,5.00107,4.98233,-0.00257877,4.98764,-0.00273258,0
43.35,5,5.00047,4.98844,-0.00112857,4.98763,0.0019336,0
43.4,5,4.99384,5.02379,0.014788,4.98778,0.0212221,0
43.45,5,4.99851,4.97647,0.00358623,4.98782,-0.0149357,0
43.5,5,4.99282,5.02343,0.0172374,4.98799,0.0182016,0
43.55,5,5.00032,4.96322,-0.000762896,4.98798,-0.0240004,0
43.6,5,4.99689,5.00648,0.00746107,4.98806,0.0109653,0
43.65,5,5.00203,4.96667,-0.00488132,4.98801,-0.0164565,0
43.7,5,5.00824,4.94819,-0.0197681,4.98781,-0.019849,0
43.75,5,4.99996,5.01437,8.54543e-05,4.98781,0.0264714,0
43.8,5,5.00357,4.96764,-0.00855706,4.98772,-0.0115234,0
43.85,5,5.00219,4.9868,-0.00526181,4.98767,0.00439367,0
43.9,5,5.00553,4.96358,-0.0132741,4.98754,-0.010683,0
43.95,5,5.00004,5.00501,-9.69286e-05,4.98754,0.0175695,0
44,5,4.99346,5.02444,0.0156929,4.9877,0.0210531,0
44.05,5,5.00199,4.95557,-0.00478204,4.98765,-0.0272999,0
44.1,5,4.99566,5.01843,0.010416,4.98775,0.0202641,0
44.15,5,4.99506,5.00167,0.0118655,4.98787,0.0019326,0
44.2,5,4.99401,5.00575,0.0143804,4.98801,0.00335327,0
44.25,5,4.98819,5.03528,0.0283537,4.9883,0.0186311,0
44.3,5,4.99257,4.9923,0.0178412,4.98848,-0.0140167,0
44.35,5,4.99157,5.01211,0.0202353,4.98868,0.00319214,0
44.4,5,4.99378,4.99666,0.0149191,4.98883,-0.00708829,0
44.45,5,4.99857,4.97699,0.00343884,4.98886,-0.015307,0
44.5,5,4.99822,4.99426,0.00426038,4.9889,0.00109538,0
44.55,5,4.99602,5.00561,0.00955157,4.989,0.00705492,0
44.6,5,4.9966,4.99539,0.00816368,4.98908,-0.00185053,0
44.65,5,4.98892,5.04053,0.0266023,4.98935,0.0245848,0
44.7,5,5.00256,4.93947,-0.00614704,4.98929,-0.0436658,0
44.75,5,4.99429,5.02962,0.0137153,4.98942,0.0264832,0
44.8,5,5.00387,4.94937,-0.00928852,4.98933,-0.0306718,0
44.85,5,5.00124,4.99474,-0.00297539,4.9893,0.00841752,0
44.9,5,4.99349,5.0299,0.0156342,4.98946,0.0248128,0
44.95,5,5.0002,4.96749,-0.000478609,4.98945,-0.0214838,0
45,5,4.98719,5.06213,0.0307413,4.98976,0.0416266,0
45.05,5,4.99053,5.002,0.0227168,4.98999,-0.0106994,0
45.1,5,4.99188,5.00537,0.0194902,4.99018,-0.00430214,0
45.15,5,4.98989,5.02108,0.024274,4.99042,0.00637842,0
45.2,5,4.99447,4.98916,0.013271,4.99056,-0.0146707,0
45.25,5,4.99855,4.98105,0.00349187,4.99059,-0.0130388,0
45.3,5,4.9886,5.05007,0.0273693,4.99087,0.0318366,0
45.35,5,4.99141,5.0027,0.0206243,4.99107,-0.00899337,0
45.4,5,4.99092,5.01464,0.0217944,4.99129,0.00156017,0
45.45,5,4.99009,5.01798,0.0237924,4.99153,0.00266402,0
45.5,5,4.99259,5.00148,0.017784,4.99171,-0.00801122,0
45.55,5,4.99654,4.98743,0.00829328,4.99179,-0.0126543,0
45.6,5,4.99278,5.02134,0.0173284,4.99196,0.0120468,0
45.65,5,4.99363,5.00471,0.0152998,4.99211,-0.00270478,0
45.7,5,5.00006,4.97137,-0.000146175,4.99211,-0.0205946,0
45.75,5,5.00047,4.98967,-0.00112735,4.9921,-0.00130823,0
45.8,5,4.99631,5.01436,0.0088575,4.99219,0.0133131,0
45.85,5,4.99736,4.99524,0.00634107,4.99225,-0.00335524,0
45.9,5,4.99929,4.98779,0.00170163,4.99227,-0.00618593,0
45.95,5,4.99565,5.01446,0.0104385,4.99238,0.0116491,0
46,5,4.99788,4.99039,0.00509153,4.99243,-0.00712924,0
46.05,5,4.9971,5.00193,0.00695069,4.9925,0.00247888,0
46.1,5,4.99536,5.00934,0.0111408,4.99261,0.00558685,0
46.15,5,4.99419,5.01043,0.0139467,4.99275,0.0037412,0
46.2,5,4.98814,5.04085,0.028464,4.99303,0.0193563,0
46.25,5,4.99395,4.98908,0.0145102,4.99318,-0.0186051,0
46.3,5,4.98809,5.0408,0.0285777,4.99346,0.0187567,0
46.35,5,4.99116,5.00507,0.0212139,4.99367,-0.0098184,0
46.4,5,4.99547,4.99088,0.0108764,4.99378,-0.0137833,0
46.45,5,4.99241,5.02194,0.0182045,4.99397,0.00977079,0
46.5,5,4.99785,4.98176,0.00514804,4.99402,-0.0174086,0
46.55,5,4.99973,4.98868,0.000653344,4.99402,-0.00599292,0
46.6,5,5.00139,4.98531,-0.00334525,4.99399,-0.00533146,0
46.65,5,4.99474,5.02803,0.0126246,4.99412,0.0212931,0
46.7,5,4.9915,5.0251,0.0204059,4.99432,0.0103751,0
46.75,5,4.98682,5.04123,0.0316307,4.99464,0.0149664,0
46.8,5,4.99074,5.00454,0.0222221,4.99486,-0.0125449,0
46.85,5,4.9874,5.03609,0.0302373,4.99516,0.010687,0
46.9,5,4.99916,4.95958,0.00201957,4.99518,-0.0376236,0
46.95,5,5.00106,4.98653,-0.0025412,4.99516,-0.00608103,0
47,5,4.99879,5.00537,0.00291212,4.99518,0.0072711,0
47.05,5,5.00105,4.98538,-0.00252782,4.99516,-0.00725325,0
47.1,5,4.99834,5.00785,0.00397756,4.9952,0.00867383,0
47.15,5,4.98978,5.04738,0.0245298,4.99544,0.0274029,0
47.2,5,4.9914,5.01109,0.0206352,4.99565,-0.0051927,0
47.25,5,4.99326,5.00605,0.0161803,4.99581,-0.00593986,0
47.3,5,4.99282,5.01462,0.0172322,4.99599,0.00140253,0
47.35,5,4.99979,4.9742,0.000509982,4.99599,-0.0222964,0
47.4,5,4.99797,5.00675,0.00488228,4.99604,0.00582973,0
47.45,5,5.00067,4.98577,-0.00160482,4.99602,-0.00864946,0
47.5,5,4.9991,5.00323,0.00216257,4.99604,0.00502318,0
47.55,5,4.99233,5.03628,0.0184013,4.99623,0.0216516,0
47.6,5,4.99882,4.97833,0.00283326,4.99626,-0.0207573,0
47.65,5,5.00342,4.97322,-0.00821939,4.99617,-0.0147369,0
47.7,5,4.98899,5.06903,0.0264139,4.99644,0.0461777,0
47.75,5,4.99595,4.98397,0.00971016,4.99654,-0.0222716,0
47.8,5,4.99295,5.02322,0.0169117,4.99671,0.00960204,0
47.85,5,4.99433,5.00604,0.0136053,4.99684,-0.00440852,0
47.9,5,4.99038,5.03282,0.023097,4.99707,0.0126556,0
47.95,5,4.99361,5.00221,0.0153341,4.99723,-0.0103504,0
48,5,4.99571,5.0009,0.0102923,4.99733,-0.00672242,0
48.05,5,4.99272,5.02453,0.0174652,4.9975,0.00956381,0
48.1,5,4.99731,4.98935,0.00645728,4.99757,-0.0146772,0
48.15,5,4.9992,4.99345,0.00191823,4.99759,-0.00605206,0
48.2,5,5.00311,4.97754,-0.0074644,4.99751,-0.0125102,0
48.25,5,5.0031,4.99005,-0.00743181,4.99744,4.34661e-05,0
48.3,5,5.00282,4.99151,-0.00675777,4.99737,0.000898711,0
48.35,5,4.99335,5.04379,0.015965,4.99753,0.0302971,0
48.4,5,4.99488,5.00505,0.012294,4.99765,-0.00489469,0
48.45,5,4.99209,5.02573,0.0189775,4.99784,0.00891131,0
48.5,5,4.99641,4.9927,0.00860509,4.99793,-0.0138298,0
48.55,5,4.99044,5.04025,0.022956,4.99816,0.0191345,0
48.6,5,4.99539,4.99347,0.0110615,4.99827,-0.0158593,0
48.65,5,5.00113,4.97715,-0.00271868,4.99824,-0.0183736,0
48.7,5,4.9975,5.01591,0.0059923,4.9983,0.0116146,0
48.75,5,5.00457,4.96463,-0.0109595,4.99819,-0.0226024,0
48.8,5,5.00718,4.97243,-0.0172291,4.99802,-0.00835954,0
48.85,5,4.9992,5.02551,0.00192844,4.99804,0.0255435,0
48.9,5,4.99273,5.03635,0.0174477,4.99821,0.0206923,0
48.95,5,5.00733,4.93373,-0.017589,4.99804,-0.0467156,0
49,5,5.00199,5.01028,-0.00478417,4.99799,0.0170731,0
49.05,5,5.00987,4.94884,-0.0236978,4.99775,-0.0252181,0
49.1,5,4.99824,5.03924,0.0042205,4.9978,0.0372243,0
49.15,5,5.0017,4.98262,-0.00407376,4.99775,-0.011059,0
49.2,5,4.99936,5.00677,0.00153155,4.99777,0.00747374,0
49.25,5,4.99656,5.01507,0.00825417,4.99785,0.0089635,0
49.3,5,4.99372,5.02217,0.0150753,4.998,0.00909479,0
49.35,5,5.00221,4.96549,-0.00529718,4.99795,-0.0271633,0
49.4,5,4.99994,5.00537,0.000151407,4.99795,0.00726479,0
49.45,5,5.00382,4.97626,-0.00917037,4.99786,-0.012429,0
49.5,5,5.00996,4.95405,-0.0239114,4.99762,-0.0196547,0
49.55,5,5.00537,4.99929,-0.0128941,4.99749,0.0146897,0
49.6,5,5.00355,4.9947,-0.00852892,4.99741,0.00582029,0
49.65,5,4.99292,5.0486,0.0169942,4.99758,0.0340308,0
49.7,5,4.98585,5.0545,0.0339601,4.99792,0.0226213,0
49.75,5,4.99566,4.97707,0.0104253,4.99802,-0.0313798,0
49.8,5,4.99583,5.00755,0.00999653,4.99812,-0.000571658,0
49.85,5,4.99548,5.01024,0.0108588,4.99823,0.00114976,0
49.9,5,5.00576,4.95135,-0.0138264,4.99809,-0.0329136,0
49.95,5,5.00428,4.99244,-0.0102803,4.99799,0.00472818,0
50,5,5.01201,4.94416,-0.0288193,4.9977,-0.0247187,0
